year,T1,T2,T3,T4,T5,T6,T7,T8,T9,T10,T11,T12,T13,T14,T15
1977,0.8203957382039574,0.011567732115677326,0.011263318112633184,0.0106544901065449,0.012176560121765604,0.011567732115677323,0.01004566210045662,0.012176560121765604,0.010350076103500762,0.023439878234398782,0.012785388127853884,0.010958904109589041,0.018264840182648404,0.010958904109589041,0.013394216133942165
1978,0.777170613236187,0.01517911353976928,0.010018214936247723,0.02185792349726776,0.014571948998178508,0.009107468123861564,0.01517911353976928,0.027929568913175464,0.010625379477838492,0.01851851851851852,0.012143290831815425,0.017607771706132362,0.02550091074681238,0.013357619914996966,0.011232544019429264
1979,0.7824074074074071,0.008856682769726247,0.008856682769726247,0.00684380032206119,0.009661835748792267,0.006239935587761671,0.010668276972624796,0.013285024154589369,0.009057971014492752,0.015499194847020926,0.011070853462157807,0.08313204508856678,0.014895330112721409,0.009259259259259257,0.010265700483091784
1980,0.30934561504509694,0.011706006524659378,0.007676069852235658,0.0067165611207062,0.01074649779312992,0.005948954135482633,0.007484168105929764,0.006140855881788524,0.009786989061600462,0.010938399539435812,0.005948954135482633,0.5874112454423336,0.0067165611207062,0.006524659374400308,0.00690846286701209
1981,0.04812597028165891,0.015302727877578179,0.007762253271235307,0.0073186959414504316,0.012641383898868932,0.008649367930805056,0.008205810601020182,0.015746285207363053,0.022621423819028607,0.03659347970725216,0.011310711909514307,0.7706808605012198,0.010645375914836995,0.0073186959414504316,0.017076957196717677
1982,0.08309345615045095,0.008059873344847437,0.007867971598541546,0.008059873344847437,0.011322203032047591,0.011514104778353483,0.008827480330071004,0.018998272884283244,0.016119746689694875,0.16215697562847822,0.008827480330071004,0.6269430051813472,0.00959508731529457,0.010746497793129917,0.007867971598541548
1983,0.022747156605424323,0.03774528183977003,0.014748156480439945,0.005124359455068119,0.020372453443319588,0.004499437570303714,0.0056242969628796415,0.009998750156230474,0.005749281339832523,0.7955255593050868,0.006249218847644047,0.05774278215223097,0.00412448443944507,0.004999375078115238,0.0047494063242094755
1984,0.021751177611526736,0.06511499030202271,0.009559434746467166,0.0054031587697423115,0.03823773898586866,0.005126073704627322,0.009005264616237187,0.005264616237184817,0.007896924355777225,0.7891382654474923,0.005541701302299808,0.008451094486007204,0.012468827930174564,0.005818786367414798,0.011221945137157107
1985,0.10253317249698432,0.076263235491221,0.006567484251440827,0.009114059777509719,0.01058839297681276,0.005495241924674977,0.0065674842514408275,0.009784211231738374,0.076263235491221,0.5815574319796274,0.007505696287360945,0.014073180538801768,0.07894384130813564,0.0065674842514408275,0.008175847741589602
1986,0.012559505722678008,0.8326749721462574,0.013673655423883314,0.006684898207231845,0.030487187278436134,0.0054694621695533276,0.006583611870758636,0.006887470880178264,0.007292616226071104,0.04689557378709611,0.004051453458928391,0.007191329889597893,0.007697761571963942,0.006077180188392587,0.005773321178972957
1987,0.018936229462545254,0.7116402116402116,0.009050403787245894,0.04845446950710108,0.024923419660261764,0.012252854358117515,0.032163742690058485,0.015873015873015872,0.018518518518518517,0.014898357003620159,0.008214981899192429,0.05903648008911166,0.012949039264828736,0.007797270955165693,0.005291005291005292
1988,0.006279636037421507,0.6212995001922338,0.007048571062411895,0.12290144816096374,0.017044726387286938,0.004869921824939128,0.006920415224913497,0.011405869537357427,0.0661284121491734,0.016019479687299755,0.008201973599897478,0.028706907599641167,0.06651287966166858,0.005638856849929516,0.011021402024862233
1989,0.007674684994272626,0.25395189003436425,0.006643757159221079,0.5057273768613976,0.0150057273768614,0.004467353951890037,0.017182130584192445,0.0060710194730813315,0.125085910652921,0.017411225658648343,0.007331042382588777,0.006529209621993129,0.010080183276059565,0.009621993127147767,0.007216494845360827
1990,0.003834808259587021,0.08053097345132744,0.005408062930186825,0.6638151425762044,0.026647000983284173,0.005408062930186825,0.022123893805309738,0.005309734513274338,0.1455260570304818,0.007669616519174041,0.004424778761061948,0.005506391347099313,0.00816125860373648,0.0037364798426745335,0.01189773844641101
1991,0.006663769375633782,0.05953933072577138,0.0072432275822106335,0.11531218310879326,0.012313486889758073,0.0062291757207011455,0.011444299579892799,0.010719976821671733,0.6924525568593364,0.03114587860350572,0.005504852962480081,0.014196726061132836,0.015935100680863387,0.004635665652614804,0.006663769375633782
1992,0.007118927973199332,0.052624232272473474,0.005583472920156338,0.018844221105527637,0.021496370742601897,0.009910664433277499,0.016331658291457284,0.008096035734226691,0.7703796761585706,0.016471245114461193,0.008375209380234509,0.026800670016750423,0.024846454494695698,0.005583472920156338,0.007537688442211056
1993,0.009094503756425468,0.005667589297482538,0.008962699354158433,0.006326611308817717,0.020956899960458682,0.005140371688414394,0.02662448925794122,0.009621721365493609,0.8600237247924082,0.008699090549624361,0.0061948069065506815,0.009226308158692503,0.008830894951891396,0.006590220113351789,0.008040068538289183
1994,0.007755047466238804,0.04973926995587645,0.014306725498061236,0.010830324909747292,0.010161786335071534,0.005883139457146679,0.1986896643936355,0.005883139457146679,0.6454071399919775,0.006551678031822438,0.004679770022730311,0.014975264072736996,0.006819093461692741,0.012167402059098808,0.006150554887016982
1995,0.005385487528344671,0.08956916099773242,0.007086167800453516,0.028628117913832195,0.027919501133786846,0.006094104308390024,0.6853741496598638,0.008078231292517009,0.08914399092970521,0.008219954648526078,0.006235827664399094,0.0056689342403628135,0.020408163265306117,0.005952380952380953,0.006235827664399093
1996,0.010935601458080193,0.005535304441744296,0.0059403267179694895,0.00648035641960308,0.010530579181855002,0.010260564331038207,0.6308896989334414,0.007965438099095452,0.26515458350209253,0.005265289590927502,0.004320237613068718,0.011880653435938976,0.006075334143377888,0.004995274740110707,0.01377075739165654
1997,0.009418353060964745,0.01069110347460863,0.004963726613211151,0.005345551737304316,0.017945780832378768,0.004709176530482374,0.6727758686521573,0.015145729922362225,0.21178566883034236,0.006109201985490647,0.006236477026855035,0.004581901489117986,0.006109201985490646,0.014127529591447117,0.010054728267786688
1998,0.027243589743589747,0.012108262108262111,0.013532763532763534,0.00676638176638177,0.20192307692307693,0.006410256410256412,0.10950854700854701,0.021189458689458686,0.017094017094017092,0.006410256410256412,0.007122507122507125,0.007300569800569802,0.018518518518518517,0.01584757834757835,0.5290242165242166
1999,0.007187780772686434,0.007786762503743637,0.006888289907157832,0.011829889188379752,0.12129380053908356,0.0223120694818808,0.09553758610362383,0.023959269242288108,0.10991314764899669,0.007337526205450735,0.007936507936507938,0.010781671159029648,0.008834980533093742,0.009433962264150945,0.5489667565139262
2000,0.016030174446016024,0.021530724501021527,0.007857928650007858,0.011944051548011942,0.13594216564513592,0.022159358793022152,0.01052962439101053,0.011944051548011942,0.12352663837812351,0.005814867201005814,0.011158258683011157,0.017601760176017594,0.014458588716014454,0.016501650165016497,0.573000157158573
2001,0.01230769230769231,0.014017094017094016,0.008205128205128209,0.011623931623931627,0.2152136752136752,0.051965811965811966,0.025299145299145297,0.0076923076923076945,0.011111111111111113,0.016410256410256407,0.014700854700854702,0.012307692307692308,0.05008547008547008,0.00854700854700855,0.5405128205128206
2002,0.005492184199408534,0.0063371356147021544,0.006618786086466695,0.006618786086466694,0.14899309956344173,0.010984368398817066,0.017603154485283757,0.010280242219405716,0.011688494578228415,0.009153640332347557,0.010702717927052526,0.006477960850584425,0.02084213491057597,0.5410505562596817,0.18715673848753692
2003,0.006494423266977271,0.01524777636594663,0.007200338839474799,0.005788507694479743,0.2714951291825497,0.4701397712833546,0.023718763235916984,0.005223775236481717,0.007765071297472824,0.006917972610475789,0.006353240152477766,0.006635606381476777,0.011294649159960469,0.10842863193562052,0.04729634335733446
2004,0.007585335018963339,0.011097064194409327,0.028936648405674958,0.005618766680713584,0.28796179238657116,0.5128529287821324,0.017418176710212105,0.014889731703890996,0.008568619188088216,0.0074448658519455,0.017699115044247784,0.005618766680713585,0.012080348363534204,0.024863042562157607,0.03736479842674533
2005,0.01844532279314888,0.016835016835016835,0.00702678963548529,0.005709266578831799,0.26584687454252676,0.5532132923437272,0.008637095593617335,0.013175230566534916,0.010101010101010104,0.00892987849509589,0.022544283413848634,0.006002049480310352,0.01859171424388816,0.02078758600497731,0.02415458937198068
2006,0.010548523206751056,0.009282700421940931,0.007313642756680733,0.010126582278481013,0.2735583684950773,0.41912798874824186,0.02925457102672293,0.0279887482419128,0.01139240506329114,0.008016877637130803,0.013361462728551333,0.021659634317862164,0.10857946554149088,0.009001406469760902,0.040787623066104076
2007,0.030275913497390013,0.00656226696495153,0.009992542878448921,0.009246830723340793,0.2575689783743475,0.11036539895600297,0.010141685309470546,0.006711409395973156,0.008202833706189414,0.011782252050708427,0.010439970171513798,0.007307979120059658,0.49470544369873237,0.013870246085011185,0.012826249067859806
2008,0.006837606837606841,0.007614607614607616,0.022688422688422694,0.005594405594405596,0.2806526806526806,0.058741258741258746,0.0069930069930069965,0.01056721056721057,0.007459207459207461,0.00885780885780886,0.006060606060606062,0.007459207459207461,0.04273504273504275,0.5129759129759132,0.014763014763014764
2009,0.00768808347062054,0.009884678747940695,0.11916529379461835,0.006406736225517116,0.36280431997071205,0.09097565440234302,0.013179571663920926,0.022881200805418268,0.00970162914149735,0.010433827567270734,0.009152480322167311,0.01061687717371408,0.01757276221856123,0.28299469156141316,0.026542192934285194
2010,0.005445352003111631,0.00596395695578893,0.19590302087384937,0.00596395695578893,0.3072734344612991,0.02087384934526125,0.00855698171917542,0.009334889148191366,0.006871515622974202,0.006093608193958254,0.012187216387916507,0.011020355244392585,0.35809671982367436,0.03915467392713601,0.007260469337482175
2011,0.004392764857881137,0.015891472868217054,0.4953488372093024,0.006072351421188632,0.3058139534883721,0.019250645994832043,0.00917312661498708,0.012403100775193798,0.004909560723514212,0.006330749354005169,0.006589147286821706,0.006589147286821707,0.05749354005167958,0.04521963824289406,0.004521963824289406
2012,0.008824260502112852,0.00894854586129754,0.573328361918966,0.005592841163310964,0.2612478250062143,0.005095699726572212,0.009445687298036291,0.01317424807357693,0.005965697240865027,0.020879940343027592,0.050211285110613964,0.007084265473527221,0.016778523489932886,0.004971414367387523,0.008451404424558788
2013,0.006952965235173825,0.020858895705521466,0.4768916155419223,0.0050443081117927755,0.3138377641445125,0.006407634628493525,0.006271301976823449,0.01976823449216087,0.01186094069529652,0.01131561008861622,0.08452624403544648,0.009406952965235173,0.007770961145194275,0.006952965235173824,0.012133605998636672
2014,0.003973609236767133,0.004273504273504275,0.2653321337531865,0.003598740440845706,0.14170040485829963,0.004723346828609989,0.005922926975558555,0.41962813015444606,0.003673714200029991,0.0053981106612685575,0.09371719898035688,0.0056230319388214135,0.03343829659619133,0.002923976608187135,0.0060728744939271264
2015,0.008226781643373971,0.0063435424719992094,0.26841114084646644,0.003964714044999505,0.20477748042422442,0.003964714044999504,0.004559421151749431,0.0343938943403707,0.006244424620874221,0.005550599662999307,0.4273961740509466,0.0037664783427495308,0.011596788581623548,0.0051541282584993565,0.005649717514124295
2016,0.007469654528478059,0.006120966905280631,0.14804440294636373,0.004046062869592282,0.18445896877269422,0.004461043676729953,0.004461043676729952,0.014835563855171693,0.005083514887436456,0.007677144932046892,0.5904139433551199,0.006432202510633885,0.005187260089220875,0.005809731299927379,0.0054984956945741265
2017,0.009670416419972372,0.010459838168541546,0.09177027827116636,0.0088809946714032,0.10223011643970792,0.012433392539964479,0.009867771857114667,0.14505624629958555,0.007696862048549439,0.008091572922834026,0.4931912374185909,0.00828892835997632,0.07341622261693309,0.0076968620485494375,0.01124925991711072
2018,0.012372634643377003,0.01673944687045124,0.05943716642406599,0.00946142649199418,0.215429403202329,0.008248423095584666,0.023774866569626393,0.5152838427947598,0.011159631246967495,0.011402231926249397,0.06453178068898592,0.016496846191169336,0.01407083939835032,0.00849102377486657,0.01310043668122271
2019,0.01440329218106996,0.013631687242798354,0.01748971193415638,0.012602880658436214,0.037551440329218096,0.00977366255144033,0.022890946502057606,0.7340534979423866,0.01594650205761317,0.012345679012345677,0.039866255144032914,0.01980452674897119,0.01903292181069958,0.020061728395061724,0.010545267489711933
